0000090
0000000
00000f0
0000000
0000040
0000000
00000a0
0000000
2000000
20002f0
2000000
0000000
0000130
0000000
0000150
0000000
0000200
0000000
0000220
0000000
0000220
0000000
2000000
20002d0
2000000
0000000
0000270
0000000
0000110
0000000
00001a0
0000000
0000040
0000000
0000150
0000000
0000070
0000000
0000160
0000000
2000000
20002d0
2000000
0000000
0000070
0000000
0000080
0000000
0000040
0000000
0000090
0000000
0000060
0000000
0000050
0000000
0000200
0000000
00001f0
0000000
2000000
2000300
2000000
0000000
0100000
0100060
